## Source name           Image Noise    Peak Im. SNR   Line Noise     Tmb            Peak Line SNR  Velocity       FWHM           Sigma          Integ. Int .   Molecule       
##                       (K)                           (K)            (K)                           (km/s)         (km/s)         (km/s)         (K * km/s)                    
DoAr25                   0.0703         4.4            0.0516         0.190          3.7            -7.731         1.331          0.565          0.260          0.026          HCO+           
Elia32                   0.1152         61.1           0.1145         3.934          34.4           4.171          1.379          0.586          5.147          3.323          HCO+           
Elia33                   0.1152         61.1           0.0781         4.946          63.3           4.514          0.924          0.392          5.285          3.323          HCO+           
GV_Tau                   0.2225         16.7           0.1477         1.975          13.4           6.457          0.806          0.342          2.469          0.610          HCO+           
GY92-235                 0.0886         10.1           0.0489         0.231          4.7            -5.853         0.627          0.266          0.191          0.083          HCO+           
IRAS03220+3035           0.0992         11.6           0.0740         0.116          1.6            9.708          0.788          0.335          0.018          0.063          HCO+           
IRAS03260+3111           0.1144         54.4           0.0551         2.140          38.8           13.623         1.846          0.784          4.189          1.502          HCO+           
IRAS03301+3111           0.1356         14.8           0.0798         0.491          6.2            13.687         0.576          0.245          0.322          0.082          HCO+           
IRAS04113+2758S          0.1022         5.4            0.0612         0.216          3.5            15.630         1.233          0.524          0.381          0.055          HCO+           
IRAS04181+2655M          0.2390         9.0            0.1644         1.110          6.8            6.927          0.487          0.207          0.694          0.476          HCO+           
IRAS04181+2655S          0.2671         8.2            0.1953         1.222          6.3            7.136          1.242          0.527          1.037          0.406          HCO+           
IRAS04369+2539           0.0928         19.4           0.0611         0.227          3.7            16.342         2.588          1.099          0.378          0.104          HCO+           
IRAS04591-0856           0.0940         16.0           0.0659         1.302          19.8           22.551         0.695          0.295          0.937          0.141          HCO+           
IRAS05256+3049           0.1072         11.2           0.0743         0.774          10.4           -19.917        1.520          0.646          1.360          0.071          HCO+           
IRAS05379-0758           0.1688         29.5           0.0618         0.178          2.9            6.802          2.355          1.000          -0.061         -0.036         HCO+           
IRAS63                   0.2422         5.6            0.1815         0.632          3.5            2.816          1.044          0.444          0.561          0.096          HCO+           
IRS5                     0.1904         65.6           0.1094         6.598          60.3           -1.812         2.334          0.991          14.246         8.823          HCO+           
V347_Aur                 0.0873         11.6           0.0605         0.453          7.5            7.972          0.902          0.383          0.472          0.150          HCO+           
WLY2-42                  0.0916         21.9           0.0576         0.702          12.2           4.007          0.427          0.181          0.368          0.666          HCO+           
YLW58                    0.0824         24.5           0.0556         0.169          3.0            -6.292         0.713          0.303          0.123          0.241          HCO+           
