## SourceMame            ImageNoise     PeakIm.SNR     LineNoise      Tmb            PeakLineSNR    Velocity       FWHM           Sigma          Integ.Beam.    Unc.Integ.Beam.Integ.FOV.     Unc.Integ.FOV. Molecule       
##               -       (K)            -              (K)            (K)            -              (km/s)         (km/s)         (km/s)         (K * km/s)     (K * km/s)     (K * km/s)     (K * km/s)     -              
DG-Tau                   0.2933         8.8            0.2969         1.304          4.4            6.450          1.028          0.436          1.210          0.214          0.373          0.149          C18O           
DoAr25                   0.1627         31.3           0.0897         0.567          6.3            -7.348         1.038          0.441          0.531          0.065          0.610          0.053          C18O           
EC92                     0.2783         32.1           0.1796         3.637          20.3           7.976          2.638          1.120          9.892          0.209          4.147          0.185          C18O           
Elia32                   0.4304         17.3           0.2432         4.604          18.9           3.765          1.872          0.795          6.848          0.238          5.261          0.228          C18O           
Elia33                   0.4252         17.0           0.2132         4.795          22.5           3.949          2.446          1.039          9.094          0.237          5.088          0.196          C18O           
FPTau                    0.2344         23.2           0.0857         0.204          2.4            -17.546        0.570          0.242          0.099          0.045          0.088          0.041          C18O           
GV_Tau                   0.2922         14.9           0.2279         3.399          14.9           6.330          0.658          0.280          2.398          0.129          1.232          0.136          C18O           
GY92-235                 0.2833         15.3           0.1692         1.959          11.6           -6.157         0.962          0.409          1.977          0.117          1.617          0.132          C18O           
HK-Tau                   0.3454         3.6            0.2774         0.623          2.2            6.983          0.129          0.055          0.092          0.078          0.143          0.173          C18O           
Haro6-13                 0.3223         4.1            0.2473         0.342          1.4            5.603          0.125          0.053          0.048          0.070          0.218          0.120          C18O           
Haro6-28                 0.3012         4.9            0.2121         0.279          1.3            -14.673        1.052          0.447          0.225          0.153          0.074          0.234          C18O           
Haro6-33                 0.2592         5.2            0.1885         0.708          3.8            5.418          0.268          0.114          0.242          0.075          0.139          0.076          C18O           
IRAS03220+3035           0.0668         25.7           0.0398         0.340          8.6            9.794          0.988          0.420          0.281          0.029          0.530          0.032          C18O           
IRAS03260+3111           0.2847         49.6           0.1003         3.949          39.4           13.876         1.269          0.539          5.135          0.080          5.299          0.248          C18O           
IRAS03301+3111           0.3195         12.8           0.1273         1.324          10.4           13.584         0.624          0.265          0.840          0.072          0.391          0.093          C18O           
IRAS04108+2803           0.3627         6.5            0.2652         0.918          3.5            6.773          0.765          0.325          0.830          0.168          0.515          0.170          C18O           
IRAS04113+2758S          0.1656         7.5            0.0880         0.630          7.2            15.468         0.609          0.258          0.432          0.050          0.245          0.059          C18O           
IRAS04181+2655M          0.2535         9.5            0.1647         1.472          8.9            6.832          0.473          0.201          0.833          0.081          0.571          0.096          C18O           
IRAS04181+2655S          0.2483         9.8            0.1711         2.003          11.7           6.653          0.457          0.194          1.013          0.084          0.468          0.091          C18O           
IRAS04295+2251           0.6568         4.8            0.4909         0.943          1.9            -1.080         0.509          0.216          -0.065         0.260          0.123          0.259          C18O           
IRAS04369+2539           0.2669         6.9            0.1580         0.610          3.9            16.364         0.675          0.287          0.444          0.089          0.371          0.104          C18O           
IRAS04489+3042           0.1887         48.8           0.0644         0.493          7.7            8.164          7.193          3.055          0.180          0.123          -0.100         0.062          C18O           
IRAS04591-0856           0.2581         8.4            0.1597         1.767          11.1           22.670         0.596          0.253          1.074          0.090          0.383          0.091          C18O           
IRAS05256+3049           0.2185         11.1           0.1154         0.799          6.9            -20.197        0.819          0.348          0.594          0.073          0.111          0.075          C18O           
IRAS05379-0758           0.3741         8.0            0.2134         0.573          2.7            22.615         1.855          0.788          0.653          0.209          0.410          0.175          C18O           
IRAS05555-1405           0.2393         4.8            0.1408         0.215          1.5            8.166          0.124          0.053          0.041          0.040          0.061          0.056          C18O           
IRAS19247+2238           0.1729         30.8           0.0599         0.406          6.8            -23.301        0.548          0.233          -0.033         0.032          0.182          0.074          C18O           
IRS5                     0.4067         24.7           0.2515         8.436          33.5           -1.733         1.157          0.491          10.484         0.188          7.201          0.200          C18O           
OphIRS63                 0.4258         8.7            0.2889         3.414          11.8           2.755          0.564          0.240          2.054          0.153          0.722          0.147          C18O           
SR24                     0.2875         31.6           0.0896         0.342          3.8            -6.196         3.708          1.575          0.581          0.123          0.388          0.100          C18O           
T-Tauri                  0.0919         49.5           0.0581         2.671          46.0           8.149          1.769          0.751          5.217          0.056          0.533          0.040          C18O           
UYAur                    0.1737         16.7           nan            0.157          nan            45.706         3.583          1.522          -0.154         nan            -0.008         0.098          C18O           
V347_Aur                 0.3017         9.5            0.1068         0.748          7.0            7.908          0.425          0.180          0.340          0.048          0.158          0.049          C18O           
WLY2-42                  0.4956         13.2           0.2862         4.069          14.2           3.837          1.376          0.584          4.955          0.243          5.339          0.237          C18O           
YLW58                    0.1240         31.8           0.0701         2.284          32.6           -6.413         0.690          0.293          1.677          0.042          1.822          0.044          C18O           
DoAr43                   0.2629         127.9          nan            0.334          nan            -10.548        42.449         18.026         -0.199         nan            0.396          0.204          C18O           
