#Star name         	      Temperature                            gravity                            veiling                             vmicro                                B field				                 Vsini                       Spextral index    HCO+-Conc        C18O-Conc
#These envelopes are from van Kempen2009
DoAr25                    3697.11     60.47     60.89         351.84     14.27      9.37            0.5      0.03      0.03           0.36      0.48      0.26           2.09      0.11      0.11	          15.9      0.13      0.11          -0.96           0.196     0.1642
Elia32                    3387.46     52.98     59.98         279.04      9.76     12.45           0.48      0.06      0.05           1.94      0.47      0.46           1.22      0.14      0.15		        25.38      0.15      0.14          0.14           0.317     0.33
Elia33                	  3290.8     88.51     87.44         293.87     21.26     11.19            1.5      0.13      0.12           2.63       0.9      0.68           2.12      0.47      0.51		         45.45       0.2      0.29        0.06            0.446     0.49
WLY2-42           	      3308.69      67.2     46.55         344.97     17.07       7.5            0.1      0.02      0.03           0.43       0.5      0.33           2.27      0.12      0.11		        22.04      0.25      0.23          0.10           -0.56     0.18
OphIRS63                 3400.00    200.00    200.0         325.0       25.0      25.00           2.00      0.03      0.02           1.81      0.81      0.51           1.15      0.24      0.22	          47.00       0.2       0.2         0.3             0.20        0.57
#These envelopes are from Carney2016
Haro6-13           	      3700.3       95.9     108.55         354.62     20.05     21.68           1.55      0.12      0.12          1.96      1.02      1.02           1.15      0.28      0.28	 	        22.2      0.83      0.80         -0.02            -         -100
Haro6-28          	      3287.7      31.86     39.32          385.8      5.24      6.32            0.3      0.03      0.03           0.76      0.49      0.65           1.18      0.15      0.16		        12.98      0.11      0.24        -0.74            -         -
IRAS04108+2803            3779.61     65.81     84.15         370.96     12.88     16.35           0.89      0.05      0.06           1.41      0.71       0.6           2.14      0.17      0.17		        17.35      0.29      0.21        1.16             -         0.44
IRAS04295+2251        	  3429.24    136.74    134.88         341.31     33.03      22.2           1.98      0.17      0.18           3.69      0.31       1.2           3.56      0.79      0.86		        50.6      1.18      1.05          0.66            -         -
GV_Tau            	      3812.7      66.63     74.66         325.76     12.28     17.21           2.24      0.15      0.18           3.86      0.14      0.89           1.15      0.32      0.35		        26.38      0.19      0.19         1.11            0.8       0.6358
IRAS04113+2758S           3204.39     41.47     16.96         314.49      6.12      5.31           1.02      0.02      0.03           1.67      0.24      0.22           1.86       0.1      0.11		        26.31      0.08      0.07        -0.02            0.453     0.5036
IRAS04181+2654M        	  3520.26     68.01     45.15         371.33     11.29     11.81           0.21      0.03      0.03           3.65      0.35      0.84           0.92      0.39      0.34		        36.94      0.22      0.21        0.38             0.17      0.2839
IRAS04181+2654S        	  3376.3     84.83    128.71         375.12     13.29     35.84           1.98      0.18      0.19            3.7       0.3      1.25            1.9      0.33      0.38		        15.2      0.41      0.48          0.64            0.66      0.6791
HK-Tau                    3509.01     49.83     46.89         362.27      9.32     10.32           0.74      0.03      0.03           2.49       0.4      0.41           1.14      0.14      0.13	          22.39      0.09      0.08         -0.42           -         -
Haro6-33                  3623.28      63.8     53.08         368.87     11.96     14.25           0.55      0.03      0.03           1.51      0.69      0.55           1.36      0.18      0.21	          23.7      0.18      0.18          0.09            -         -0.37
#These envelopes are from me
DG-Tau             	      4035.07     58.56     70.68         328.39     13.47     19.76            3.6       0.3      0.38           3.57      0.43       1.3           1.52      0.33      0.34 	        27.31       0.2      0.24         0.17            0.31         0.4057
EC92              	      3747.47      72.6     78.57         289.04     11.76      11.2           0.91       0.1       0.1           0.29      0.42      0.19            2.6      0.34      0.35		        46.71      0.44      0.41         0.92            0.67       0.61
GY92-235           	      3374.09     88.82    162.61          363.1     17.13     33.52           2.21      0.18      0.17           2.63      1.09      1.02           0.94      0.21      0.27		        12.05      0.25      0.22         0.02            0.155       0.33
IRAS03260+3111B           3200.02     90.31     88.66          316.0     16.06     15.67           0.42      0.05      0.06           2.32      0.85      0.75           1.02      0.39      0.41		        23.31      0.43      0.28         1.43            0.7605      0.2969
IRAS03301+3111        	  3456.53     85.97     89.01         332.23     13.15     15.36           1.27      0.08      0.07           1.46      0.78      0.63           1.66      0.12      0.11		        10.22      0.14      0.15         0.38            0.4209      0.4446
IRAS04489+3042        	  3324.92     73.67    210.78         370.24     11.97     46.97           1.58      0.13       0.1           2.66      0.84      1.27           1.26      0.47      0.34		        22.32      0.22      0.29         0.28            -100        0.368
IRAS04591-0856        	  3339.83    129.38    122.73         326.07     17.88     21.59           0.71       0.1      0.09           3.62      0.38      0.92           1.21      0.38      0.39		        24.6      0.63      0.46          0.51            0.737       0.5644
IRAS05379-0758            3459.03     97.28     94.25         312.51     17.44     12.44           0.58      0.06      0.06           1.45      0.55      0.41           2.36      0.23      0.27		        30.34      0.24       0.2        0.74             0.437       -0.0971
IRAS05555-1405            3966.95    155.19    164.86         327.37     53.29     27.26           0.87      0.43      0.27            1.2      2.79       1.1           1.17      0.79      1.13		         63.4      1.19      1.06        -0.07            -           -
IRAS19247+2238-1          3634.5     79.23     65.21         342.94     17.24     11.45            2.0      0.08      0.08            0.2      0.42       0.1           2.11      0.15       0.2		        15.85      0.24      0.33        -0.13            -           -
IRAS19247+2238-2          3577.8     99.17     87.76          351.6     16.99     10.85           1.41      0.05      0.06           0.25      0.53      0.15           2.39      0.26       0.3		         25.87      0.33      0.53       -0.13            -           -
IRS5                 	    3295.15     89.43     81.97         308.42      16.4      8.37           0.38      0.05      0.04           1.16      0.61      0.54           2.01      0.36      0.34		        40.55       0.3      0.5         1.11             0.454       0.3645
SR24             	      4010.28    122.72    141.16         357.12     32.44     46.35           3.03      0.53      0.65            1.8      1.56      1.63           0.78      0.49      0.39		        35.14      0.56      0.63          -0.30          -           -0.7405
V347Aur                   3190.08     105.7     93.79         294.12     24.61     15.39           1.17      0.09      0.08           1.56      0.78      0.65           1.27      0.16      0.17		       12.01      0.23      0.13          -0.10           0.6317      0.5392
YLW58                     3005.61    110.05     38.05         310.09     37.15     10.06           1.68      0.11      0.15           1.07      1.07      0.59           1.18      0.15      0.17	          12.15      0.08      0.29         -0.54           -1.750      0.0907
T-Tauri                   4000.0     90         90            345.00     14.0     14.0            3.00      0.04      0.04            0.19      0.06      0.11           1.99      0.05      0.04            20.8      0.13      0.17          -0.0           0.95        0.87
UYAur                     3602.79      45.6     58.44         342.03       7.9     10.83           1.23      0.05      0.05           1.06      0.49      0.78           1.76      0.12      0.14	          21.03      0.13      0.14         -0.01           -           -
DoAr43                    4223.49     64.13     57.92         365.24     13.48     20.03           1.95      0.15      0.15           0.18      0.44      0.08           2.03      0.42      0.44	         34.57      0.33       0.3          -0.51           -         -
FP-Tau                    3395.98     85.08     63.11         340.14     20.93     10.14           0.26      0.03      0.02           1.81      0.81      0.51           1.15      0.24      0.22	          33.47       0.2       0.2         -1.02           -           -
#VSSG1                     3709         405      405           382.0       67.0     67.0             5.43     1.38      1.38           0.00       0.0      0.00           0.00      0.00      0.00           23.4       9.0        9.0          -0.78          -         -
#Elia2-34                  3957         298      298           404.0       46.0     46.0            0.85      0.19      0.19           0.00       0.0      0.00           0.00      0.00      0.00           16.7       4.3        4.3          -0.89          -         -
#GY284             	      3390.9     64.11     65.17         381.19      9.29     11.39           0.46      0.06      0.04           1.87      0.66      0.61           1.17       0.1      0.11		        5.94      0.27      0.09          -0.0            1.51       -
#GSS37W 	                  3590.47     32.45     47.12         344.73     12.96      6.22           0.48      0.02      0.03           0.92      0.37      0.44           1.87       0.1       0.1	          16.73      0.19      0.13          -0.83        -1        -
#IRAS16288-2450W2-vel1     3473.75     41.92     70.81         377.63      7.41      9.99           0.41      0.03      0.04           1.08      0.49      0.62           3.33      0.28      0.28		        30.53       0.4       0.3        -0.15           -          -
## APEX
#GSS26                     3496.2     91.65     81.08         343.17     23.45     10.22           0.53      0.02      0.04           0.75      0.58      0.62           2.58      0.17      0.14	           17.94     0.19      0.19          -0.17          -         -
#GSS39                     3397.1     68.28     82.69         319.43     10.54     13.63           1.82      0.07      0.07           1.58      0.45       0.5           1.86      0.18      0.21	         26.28      0.15      0.17           -0.41          -         -
#WL20E             	      3621.25     80.63     49.69         365.54     11.79     11.66           0.32      0.03      0.02           0.18      0.36      0.08           2.64       0.3      0.27		        42.82      0.23      0.29          0.85           -         -
#WL20W             	      3390.73     53.41     52.98         379.58      9.57     10.81           0.14      0.03      0.02           1.08       1.2       0.9           1.47      0.42      0.59		        34.14       0.2      0.43          0.85           -         -
