Title: The Effects of Starspots on Spectroscopic Mass Estimates of Low-mass 
    Young Stars
Authors: Flores C., Connelley M.S., Reipurth B., Duchene G.
Table: Stellar parameters of young stars derived from K band
================================================================================
Byte-by-byte Description of file: apjac37bdt1_mrt.txt
--------------------------------------------------------------------------------
   Bytes Format Units Label  Explanations
--------------------------------------------------------------------------------
   1- 10 A10    ---        Name       Name of the star
  12- 15 I4     K          Tk-band    K band temperature
  17- 19 I3     K        E_Tk-band    Upper statistical K-band temperature uncertainty (1)
  21- 23 I3     K        e_Tk-band    Lower statistical K-band temperature uncertainty (1)
  25- 28 F4.2   [cm/s2]    logg       Surface gravity in log10
  30- 33 F4.2   [cm/s2]  E_logg       Upper statistical surface gravity uncertainty (1)
  35- 38 F4.2   [cm/s2]  e_logg       Lower statistical surface gravity uncertainty (1)
  40- 43 F4.2   ---        veiling    Infrared K band veiling
  45- 48 F4.2   ---      E_veiling    Upper statistical infrared K band veiling uncertainty (1)
  50- 53 F4.2   ---      e_veiling    Lower statistical infrared K band veiling uncertainty (1)
  55- 58 F4.2   m/s        vmicro     Micro turbulence
  60- 63 F4.2   m/s      E_vmicro     Upper statistical micro turbulence uncertainty (1)
  65- 68 F4.2   m/s      e_vmicro     Lower statistical micro turbulence uncertainty (1)
  70- 73 F4.2   0.1T       B-field    Magnetic field strength in deciTesla or kilogauss
  75- 78 F4.2   0.1T     E_B-field    Upper statistical Magnetic field strength uncertainty (1)
  80- 83 F4.2   0.1T     e_B-field    Lower statistical Magnetic field strength uncertainty (1)
  85- 89 F5.2   m/s        vsini      Projected rotational velocity
  91- 94 F4.2   m/s      E_vsini      Upper statistical projected rotational velocity uncertainty (1)
  96- 99 F4.2   m/s      e_vsini      Lower statistical projected rotational velocity uncertainty (1)
--------------------------------------------------------------------------------
Note (1): The reported uncertainties correspond to 3{sigma} deviations from
    the median value obtained from the MCMC distributions
--------------------------------------------------------------------------------
AA-Tau     3593  61  76 3.82 0.08 0.11 0.99 0.05 0.05 0.28 0.57 0.18 1.88 0.18 0.14 14.44 0.85 0.68 
BP-Tau     3703  48  35 4.26 0.07 0.07 1.36 0.07 0.06 2.03 0.22 0.03 2.38 0.15 0.14  9.94 2.61 0.99 
CI-Tau     3888  57  73 3.74 0.10 0.14 1.87 0.08 0.08 1.19 0.69 0.69 1.78 0.11 0.12 12.71 0.40 0.48 
CX-Tau     3498  47  53 3.64 0.10 0.12 0.26 0.03 0.02 2.32 0.43 0.44 1.10 0.16 0.16 21.41 0.32 0.34 
CY-Tau     3403  43  21 3.82 0.06 0.06 0.58 0.04 0.04 1.84 0.56 0.44 1.39 0.08 0.09 10.55 0.54 0.33 
DE-Tau     3459  40  52 3.67 0.07 0.08 1.15 0.04 0.04 2.49 0.34 0.33 0.75 0.10 0.10 10.33 0.33 0.40 
DK-Tau-A   3501  43  29 3.71 0.08 0.09 1.90 0.08 0.08 0.98 0.53 0.56 2.33 0.16 0.16 17.40 0.88 0.72 
DK-Tau-B   3411  67  18 3.75 0.06 0.06 1.10 0.06 0.04 1.58 0.37 0.40 0.81 0.12 0.12  9.47 0.34 0.68 
DL-Tau     3915  39  41 3.81 0.07 0.07 2.97 0.07 0.08 0.40 0.59 0.30 2.05 0.07 0.09  9.77 0.66 0.37 
DM-Tau     3302  23  14 3.90 0.02 0.03 0.03 0.02 0.01 0.14 0.20 0.04 1.71 0.06 0.08  5.15 0.07 1.28 
DN-Tau     3520  44  27 3.65 0.07 0.06 0.62 0.02 0.02 0.90 0.34 0.38 1.59 0.05 0.06 11.01 0.21 0.21 
DoAr25     3696  58  56 3.52 0.13 0.10 0.50 0.03 0.03 0.38 0.56 0.28 2.09 0.13 0.12 15.90 0.60 0.34 
DoAr33     3697  22  35 3.86 0.04 0.05 0.70 0.01 0.02 0.16 0.25 0.06 2.16 0.07 0.06 12.68 0.35 0.33 
DoAr43SW   4221  67  56 3.65 0.13 0.20 1.96 0.14 0.17 0.19 0.43 0.09 2.04 0.39 0.47 34.57 1.13 2.06 
DS-Tau     3744  66  67 3.81 0.10 0.11 1.61 0.05 0.05 0.90 0.47 0.67 2.23 0.13 0.11 14.07 0.43 0.42 
FM-Tau     3378  68  88 3.88 0.06 0.08 1.86 0.11 0.11 0.28 0.73 0.18 2.86 0.18 0.18 10.25 0.74 1.20 
FP-Tau     3395  82  63 3.40 0.20 0.12 0.26 0.03 0.02 1.81 0.71 0.51 1.14 0.25 0.21 33.47 0.65 0.62 
FX-Tau-A   3552  51  53 3.81 0.07 0.08 0.69 0.04 0.03 1.78 0.45 0.43 0.99 0.07 0.07  5.62 0.34 0.19 
GK-Tau-A   3655  57  59 3.61 0.12 0.11 1.74 0.05 0.05 0.90 0.41 0.42 2.23 0.13 0.13 20.35 0.55 0.54 
GM-Aur     3843  43  57 3.91 0.06 0.08 0.59 0.02 0.03 0.17 0.31 0.07 1.99 0.10 0.12 14.06 0.34 0.52 
GO-Tau     3429  48  31 3.86 0.05 0.05 0.28 0.03 0.02 0.93 0.34 0.49 1.48 0.09 0.11 13.44 0.48 0.28 
GSS26      3498  87  83 3.44 0.24 0.10 0.53 0.03 0.04 0.78 0.56 0.67 2.57 0.16 0.17 17.94 0.53 0.71 
GSS37W     3590  31  47 3.45 0.12 0.06 0.47 0.03 0.02 0.91 0.44 0.44 1.87 0.10 0.10 16.73 0.43 0.45 
GSS39      3396  63  83 3.20 0.10 0.16 1.82 0.07 0.07 1.57 0.47 0.43 1.85 0.18 0.19 26.28 0.75 0.63 
Haro1-16   3953 109 118 3.93 0.09 0.14 2.33 0.15 0.17 0.31 0.77 0.21 2.47 0.26 0.27 16.17 1.14 1.01 
Haro6-13   3700  96 109 3.54 0.21 0.25 1.55 0.12 0.13 1.96 1.02 1.02 1.15 0.28 0.28 22.20 0.83 0.80 
Haro6-33   3622  62  51 3.69 0.12 0.14 0.55 0.03 0.03 1.52 0.67 0.56 1.35 0.19 0.24 23.70 0.63 0.36 
HK-Tau-A   3509  48  46 3.62 0.09 0.10 0.74 0.03 0.03 2.48 0.47 0.41 1.15 0.14 0.14 22.39 0.47 0.26 
HO-Tau     3427  50  45 4.34 0.07 0.09 1.08 0.05 0.05 2.54 0.90 0.53 0.93 0.30 0.29 22.66 0.72 0.61 
HP-Tau     4119  39  39 3.81 0.09 0.11 1.80 0.09 0.08 0.46 0.68 0.36 2.13 0.12 0.14 17.27 0.70 0.51 
IP-Tau     3659  37  41 4.34 0.05 0.05 1.24 0.05 0.04 2.03 0.17 0.03 2.64 0.11 0.11 12.67 0.39 1.23 
IQ-Tau     3549  60  54 3.60 0.12 0.13 0.91 0.04 0.04 1.72 0.53 0.47 1.85 0.11 0.11 15.59 0.33 0.39 
LkCa15     4093  41  45 4.16 0.08 0.19 1.07 0.05 0.06 2.04 0.36 0.49 1.97 0.13 0.13 15.15 0.49 0.89 
ROX25      4400  46  51 3.95 0.22 0.13 1.05 0.19 0.15 2.56 1.10 1.50 0.71 0.57 0.61 28.81 0.60 0.57 
ROX27      3760  51  58 3.60 0.11 0.13 1.28 0.04 0.05 0.94 0.49 0.55 1.83 0.11 0.13 18.21 0.44 0.41 
UY-Aur-NE  3603  45  64 3.42 0.08 0.10 1.23 0.05 0.05 1.06 0.58 0.62 1.75 0.12 0.13 21.03 0.40 0.48 
V710-Tau-N 3484  20  35 3.76 0.04 0.05 0.27 0.02 0.02 1.99 0.45 0.41 1.83 0.09 0.09 17.96 0.34 0.44 
V710-Tau-S 3400  10   7 3.78 0.03 0.03 0.22 0.01 0.02 1.67 0.27 0.31 0.88 0.17 0.14 25.12 0.30 0.22 
WSB82      3968 142 169 3.99 0.22 0.44 4.15 0.44 0.70 3.64 0.36 2.08 3.24 0.63 0.75 32.03 0.83 0.96 
YLW58      3004 110  37 3.10 0.37 0.10 1.68 0.11 0.15 1.06 1.00 0.70 1.18 0.15 0.20 12.15 1.00 1.20 